/A fast armored car with a light cannon/

TANK
#160|1|1.5|60
#1.0|0.5|2.0|1.0|0.0|3.0|1.0|-0.5|2.0|1.0|0.0|2.2|85|85|85|0|0|0|0|0|0
#0.7
#1.0
/Right wheels/
!0.16|0.16|40|40|40|60|60|60|1.16|-0.4|1.2|0|0|0
!0.16|0.16|40|40|40|60|60|60|1.16|-0.4|0.0|0|0|0
!0.16|0.16|40|40|40|60|60|60|1.16|-0.4|-1.2|0|0|0
/Left wheels/
!0.16|0.16|40|40|40|60|60|60|-1.16|-0.4|1.2|0|0|0
!0.16|0.16|40|40|40|60|60|60|-1.16|-0.4|0.0|0|0|0
!0.16|0.16|40|40|40|60|60|60|-1.16|-0.4|-1.2|0|0|0

/Turret/
#STRUCTURE
+EMPTY
!0|0.5|0|0|0|0
#->
#STRUCTURE
+BOX
!0.25|0.3|0.5|0.5|0.75|0.0|100|100|100|0|0|0|-1.57|3.14|0
#TURRET
!-3.0|1.0|0.8|1.0
!1
+EMPTY
!0|0.25|0|0|0|0
#->
#WEAPON
!2.0|10|30|0.12|0.12|0.5|0.12|0.12|0.5|3.0|1|0|500
+BOX
!0.08|0.08|1.5|0.08|0.08|0|30|30|30|0|0|0|0|0|0