/Mech with a long range artillery howitzer/

MECH
#80|5|2|100
#1.1|0.4|0.8|1.2|0.4|0.8|80|80|80|0|0|0|0|0|0
#1.0
#0.9
!0.32|0.25|0.25|0.32|0.25|0.25|30|30|30|0.62|-0.45|0|1.57|0|0
!0.42|0.36|1.0|0.42|0.36|0.0|80|80|80|0|0|0.1|0|0|0
!0.32|0.25|0.25|0.32|0.25|0.25|30|30|30|0|0|1.0|0|0|0
!0.42|0.36|1.0|0.42|0.36|0.0|80|80|80|0|0|0.1|0|0|0
!0.32|0.25|0.25|0.32|0.25|0.25|30|30|30|-0.62|-0.45|0|1.57|0|0
!0.42|0.36|1.0|0.42|0.36|0.0|80|80|80|0|0|0.1|0|0|0
!0.32|0.25|0.25|0.32|0.25|0.25|30|30|30|0|0|1.0|0|0|0
!0.42|0.36|1.0|0.42|0.36|0.0|80|80|80|0|0|0.1|0|0|0
#ROTATE
!-3.0|1.0|0.1
+BOX
!0.45|0.65|0.6|0.6|0.8|0.6|70|70|70|0|1|0|0|0|0
#->
#WEAPON
!3.0|100|1000|0.4|0.4|0.6|0.4|0.4|0.6|25.0|1|0
+BOX
!0.18|0.18|2.8|0.25|0.25|0.0|50|50|50|0|0|0|0|0|0