/Tank with a long range cannon and heavy armor/

TANK
#190|25|1.8|110
#1.2|0.5|2.0|1.5|0.0|3.0|1.2|-0.5|2.0|1.5|0.0|2.5|70|70|70|0|0|0|0|0|0
#2.0
#0.4
/Right wheels/
!0.16|0.16|40|40|40|60|60|60|1.1|-0.5|1.25|0|0|0
!0.16|0.16|40|40|40|60|60|60|1.1|-0.5|0.0|0|0|0
!0.16|0.16|40|40|40|60|60|60|1.1|-0.5|-1.25|0|0|0
/Left wheels/
!0.16|0.16|40|40|40|60|60|60|-1.1|-0.5|1.25|0|0|0
!0.16|0.16|40|40|40|60|60|60|-1.1|-0.5|0.0|0|0|0
!0.16|0.16|40|40|40|60|60|60|-1.1|-0.5|-1.25|0|0|0

/Turret/
#STRUCTURE
+EMPTY
!0|0.5|0|0|0|0
#->
#STRUCTURE
+BOX
!0.4|0.4|0.5|0.6|1.0|0.0|100|100|100|0|0|0|-1.57|3.14|0
#TURRET
!-3.0|1.0|0.8|1.0
!1
+EMPTY
!0|0.25|0|0|0|0
#->
#WEAPON
!3.5|25|100|0.15|0.15|0.7|0.15|0.15|0.7|9.0|1|0|800
+BOX
!0.08|0.08|2.7|0.1|0.1|0|30|30|30|0|0|0|0|0|0