/Heavily armored mech/

MECH
#250|10|2|100
#0.7|0.85|0.5|1.0|0.7|0.5|80|80|80|0|0|0|0|0|0
#1.5
#1.5
!0.25|0.25|0.25|0.25|0.25|0.25|30|30|30|0.62|-0.85|0|1.57|0|0
!0.36|0.36|1.0|0.36|0.36|0.0|80|80|80|0|0|0.1|0|0|0
!0.25|0.25|0.25|0.25|0.25|0.25|30|30|30|0|0|1.0|0|0|0
!0.36|0.36|1.0|0.36|0.36|0.0|80|80|80|0|0|0.1|0|0|0
!0.25|0.25|0.25|0.25|0.25|0.25|30|30|30|-0.62|-0.85|0|1.57|0|0
!0.36|0.36|1.0|0.36|0.36|0.0|80|80|80|0|0|0.1|0|0|0
!0.25|0.25|0.25|0.25|0.25|0.25|30|30|30|0|0|1.0|0|0|0
!0.36|0.36|1.0|0.36|0.36|0.0|80|80|80|0|0|0.1|0|0|0
#ROTATE
!-3.0|1.0|0.6
+EMPTY
!0.0|0.75|0.0|0|0|0
#->
#WEAPON
!3|5|0|0.1|0.1|0.4|0.1|0.1|0.4|0.35|15|3.0|500
+BOX
!0.2|0.3|2.0|0.2|0.3|0.0|50|50|50|0.2|-0.5|1.2|0|0|0
#STRUCTURE
+BOX
!0.25|0.25|0.25|0.25|0.25|0.25|30|30|30|1.25|0|0|1.3|-0.35|0.2
#->
#STRUCTURE
+BOX
!0.3|0.3|1.1|0.35|0.35|0.0|120|120|120|0|0|0.1|0|0|0
#->
#STRUCTURE
+BOX
!0.25|0.25|0.25|0.25|0.25|0.25|30|30|30|0|0|1.1|-1.75|0|0
#->
#STRUCTURE
+BOX
!0.25|0.25|1.7|0.3|0.3|0.0|120|120|120|0|0|0.1|0|0|0
#<-
#<-
#<-
#STRUCTURE
+BOX
!0.25|0.25|0.25|0.25|0.25|0.25|30|30|30|-1.25|0|0|0.6|0.45|-0.2
#->
#STRUCTURE
+BOX
!0.3|0.3|1.1|0.35|0.35|0.0|120|120|120|0|0|0.1|0|0|0
#->
#STRUCTURE
+BOX
!0.25|0.25|0.25|0.25|0.25|0.25|30|30|30|0|0|1.1|-0.75|0|0
#->
#STRUCTURE
+BOX
!0.25|0.25|1.7|0.3|0.3|0.0|120|120|120|0|0|0.1|0|0|0