/The faction 1 commander/

MECH
#3000|10|5|5000
#0|0|0|0|0|0|80|80|80|0|0|0|0|0|0
#7.0
#0.8
/Leg 1/
!0.5|0.35|0.35|0.5|0.35|0.35|30|30|30|0.85|-1.4|0|1.57|0|0
!0.65|0.5|2.0|0.65|0.5|0.0|80|80|80|0|0|0.2|0|0|0
!0.5|0.35|0.35|0.5|0.35|0.35|30|30|30|0|0|2.0|0|0|0
!0.65|0.65|2.0|0.65|0.5|0.0|80|80|80|0|0|0.2|0|0|0
/Leg 2/
!0.5|0.35|0.35|0.5|0.35|0.35|30|30|30|-0.85|-1.4|0|1.57|0|0
!0.65|0.5|2.0|0.65|0.5|0.0|80|80|80|0|0|0.2|0|0|0
!0.5|0.35|0.35|0.5|0.35|0.35|30|30|30|0|0|2.0|0|0|0
!0.65|0.65|2.0|0.65|0.5|0.0|80|80|80|0|0|0.2|0|0|0

#STRUCTURE
+HULL
!1.2|1.5|0.8|1.4|0.0|1.0|1.2|-1.5|0.8|1.4|0.0|1.0|80|80|80|0|0|0|0|0|0

#STRUCTURE
+BOX
!0.3|0.3|0.8|0.6|0.6|0.0|100|100|100|0|1.4|0|-1.57|0|0

/Right arm/
#STRUCTURE
+EMPTY
!1.45|1.4|0|0|0|0
#->
#STRUCTURE
+BOX
!0.4|0.4|0.4|0.4|0.4|0.4|30|30|30|0|0|0|1.45|0|0.3
#->
#STRUCTURE
+BOX
!0.50|0.50|2.2|0.55|0.55|0.0|100|100|100|0.25|0|0.2|0|0|0
#->
#TURRET
!-3.0|1.0|0.35|0.35
!3
+BOX
!0.35|0.35|0.35|0.35|0.35|0.35|30|30|30|0|0|2.2|-1.3|0|0
#->
/Weapon/
#WEAPON
!3.5|10|100|0.17|0.17|0.5|0.17|0.17|0.5|1.5|1|0|500
+BOX
!0.42|0.42|2.2|0.50|0.50|0.0|95|95|95|0|0|0.2|0|0|0
#STRUCTURE
+BOX
!0.2|0.2|0.2|0.2|0.2|0.0|20|20|20|0|0|2.3|0|0|0
#<-
#<-
#<-
#<-

/Left arm/
#STRUCTURE
+EMPTY
!-1.45|1.4|0|0|0|0
#->
#STRUCTURE
+BOX
!0.4|0.4|0.4|0.4|0.4|0.4|30|30|30|0|0|0|1.45|0|-0.3
#->
#STRUCTURE
+BOX
!0.50|0.50|2.2|0.55|0.55|0.0|100|100|100|-0.25|0|0.2|0|0|0
#->
#STRUCTURE
+BOX
!0.35|0.35|0.35|0.35|0.35|0.35|30|30|30|0|0|2.2|-1.3|0|0
#->
#STRUCTURE
+BOX
!0.42|0.42|2.2|0.50|0.50|0.0|95|95|95|0|0|0.2|0|0|0
#STRUCTURE
+BOX
!0.2|0.2|0.2|0.2|0.2|0.0|0|150|20|0|0|2.3|0|0|0
#<-
#<-
#<-
#<-
