/Super tank with a nuclear cannon and two light turrets/

TANK
#4000|30|5|10000
#3.0|1.0|4.0|3.5|0.0|6.0|3.0|-1.0|4.0|3.5|0.0|5.0|70|70|70|0|0|0|0|0|0
#12.0
#0.3
/Right wheels/
!0.25|1.0|40|40|40|60|60|60|2.3|-1.3|3.0|0|0|0
!0.25|1.0|40|40|40|60|60|60|2.3|-1.3|1.0|0|0|0
!0.25|1.0|40|40|40|60|60|60|2.3|-1.3|-1.0|0|0|0
!0.25|1.0|40|40|40|60|60|60|2.3|-1.3|-3.0|0|0|0
/Left wheels/
!0.25|1.0|40|40|40|60|60|60|-2.3|-1.3|3.0|0|0|0
!0.25|1.0|40|40|40|60|60|60|-2.3|-1.3|1.0|0|0|0
!0.25|1.0|40|40|40|60|60|60|-2.3|-1.3|-1.0|0|0|0
!0.25|1.0|40|40|40|60|60|60|-2.3|-1.3|-3.0|0|0|0

/Right light turret/
#STRUCTURE
+EMPTY
!1.8|1.0|3.0|0|0|0
#->
#STRUCTURE
+BOX
!0.4|0.4|0.8|0.75|0.75|0.0|100|100|100|0|0|0|-1.57|0|0
#TURRET
!-3.0|1.0|0.5|0.8
!1
+EMPTY
!0|0.6|0|0|0|0
#->
#WEAPON
!1.5|10|30|0.12|0.12|0.3|0.12|0.12|0.3|1.5|1|0|800
+BOX
!0.08|0.08|1.5|0.08|0.08|0|30|30|30|0.18|0|0|0|0|0
#WEAPON
!1.5|10|30|0.12|0.12|0.3|0.12|0.12|0.3|1.5|1|0|800
+BOX
!0.08|0.08|1.5|0.08|0.08|0|30|30|30|-0.18|0|0|0|0|0
#<-
#<-

/Left light turret/
#STRUCTURE
+EMPTY
!-1.8|1.0|3.0|0|0|0
#->
#STRUCTURE
+BOX
!0.4|0.4|0.8|0.75|0.75|0.0|100|100|100|0|0|0|-1.57|0|0
#TURRET
!-3.0|1.0|0.5|0.8
!1
+EMPTY
!0|0.6|0|0|0|0
#->
#WEAPON
!1.5|10|30|0.12|0.12|0.3|0.12|0.12|0.3|1.5|1|0|800
+BOX
!0.08|0.08|1.5|0.08|0.08|0|30|30|30|0.18|0|0|0|0|0
#WEAPON
!1.5|10|30|0.12|0.12|0.3|0.12|0.12|0.3|1.5|1|0|800
+BOX
!0.08|0.08|1.5|0.08|0.08|0|30|30|30|-0.18|0|0|0|0|0
#<-
#<-

#STRUCTURE
+BOX
!2.2|2.2|0.5|2.3|2.7|0.0|70|70|70|0|1.0|-0.65|-1.57|3.14|0

/Turret/
#STRUCTURE
+EMPTY
!0|1.5|-0.65|0|0|0
#->
#STRUCTURE
+BOX
!0.8|0.8|1.5|1.2|2.0|0.0|100|100|100|0|0|0|-1.57|3.14|0
#TURRET
!-3.0|1.0|0.2|0.3
!1
+EMPTY
!0|0.75|0|0|0|0
#->
#WEAPON
!3.0|100|3000|0.5|0.5|1.5|0.5|0.5|1.5|20.0|1|0|1000
+BOX
!0.2|0.2|5.0|0.25|0.25|0|30|30|30|0|0|0|0|0|0