/Light and fast tank with an autocannon/

TANK
#150|8|1.5|70
#0.9|0.4|2.0|1.15|0.3|2.7|1.0|-0.4|2.0|1.15|0.3|2.4|90|40|40|0|0|0|0|0|0
#0.8
#0.85
/Right wheels/
!0.16|0.16|40|40|40|60|60|60|0.80|-0.4|1.2|0|0|0
!0.16|0.16|40|40|40|60|60|60|0.80|-0.4|0.0|0|0|0
!0.16|0.16|40|40|40|60|60|60|0.80|-0.4|-1.2|0|0|0
/Left wheels/
!0.16|0.16|40|40|40|60|60|60|-0.80|-0.4|1.2|0|0|0
!0.16|0.16|40|40|40|60|60|60|-0.80|-0.4|0.0|0|0|0
!0.16|0.16|40|40|40|60|60|60|-0.80|-0.4|-1.2|0|0|0

/Turret/
#STRUCTURE
+EMPTY
!0|0.4|0|0|0|0
#->
#STRUCTURE
+BOX
!0.25|0.25|0.5|0.5|0.8|0.0|50|35|35|0|0|0|-1.57|3.14|0
#TURRET
!-3.0|1.0|1.0|1.0
!1
+EMPTY
!0|0.25|0|0|0|0
#->
#WEAPON
!2.5|4.3|0|0.08|0.08|0.3|0.08|0.08|0.3|0.2|20|3.0|400
+BOX
!0.06|0.06|1.5|0.10|0.10|0|120|70|70|0|0|0|0|0|0