/Heavily armored tank with a light railgun/

TANK
#170|50|1.8|110
#1.3|0.5|2.0|2.0|0.0|3.5|1.3|-0.5|2.0|2.0|0.0|3.0|70|30|30|0|0|0|0|0|0
#2.5
#0.4
/Right wheels/
!0.16|0.16|40|40|40|60|60|60|1.4|-0.5|1.8|0|0|0
!0.16|0.16|40|40|40|60|60|60|1.4|-0.5|0.6|0|0|0
!0.16|0.16|40|40|40|60|60|60|1.4|-0.5|-0.6|0|0|0
!0.16|0.16|40|40|40|60|60|60|1.4|-0.5|-1.8|0|0|0
/Left wheels/
!0.16|0.16|40|40|40|60|60|60|-1.4|-0.5|1.8|0|0|0
!0.16|0.16|40|40|40|60|60|60|-1.4|-0.5|0.6|0|0|0
!0.16|0.16|40|40|40|60|60|60|-1.4|-0.5|-0.6|0|0|0
!0.16|0.16|40|40|40|60|60|60|-1.4|-0.5|-1.8|0|0|0

/Turret/
#STRUCTURE
+EMPTY
!0|0.5|0|0|0|0
#->
#STRUCTURE
+BOX
!0.25|0.35|0.5|0.7|1.1|0.0|40|30|30|0|0|0|-1.57|3.14|0
#TURRET
!-3.0|1.0|0.4|0.5
!1
+EMPTY
!0|0.25|0|0|0|0
#->
#WEAPON
!4.0|22|0|0.15|0.15|1.5|0.15|0.15|1.5|10.0|1|0|900
+BOX
!0.08|0.08|3.0|0.11|0.11|0|100|60|60|0|0|0|0|0|0
#STRUCTURE
+BOX
!0.14|0.14|1.3|0.16|0.16|0|10|10|10|0|0|0|0|0|0