/The faction 2 commander/

MECH
#3500|10|5|5000
#0|0|0|0|0|0|80|80|80|0|0|0|0|0|0
#8.0
#0.7
/Leg 1/
!0.5|0.35|0.35|0.5|0.35|0.35|60|50|50|0.85|-1.4|0|1.57|0|0
!0.65|0.5|2.0|0.65|0.5|0.0|30|30|30|0|0|0.2|0|0|0
!0.5|0.35|0.35|0.5|0.35|0.35|60|50|50|0|0|2.0|0|0|0
!0.65|0.65|2.0|0.65|0.5|0.0|70|30|20|0|0|0.2|0|0|0
/Leg 2/
!0.5|0.35|0.35|0.5|0.35|0.35|60|50|50|-0.85|-1.4|0|1.57|0|0
!0.65|0.5|2.0|0.65|0.5|0.0|30|30|30|0|0|0.2|0|0|0
!0.5|0.35|0.35|0.5|0.35|0.35|60|50|50|0|0|2.0|0|0|0
!0.65|0.65|2.0|0.65|0.5|0.0|70|30|20|0|0|0.2|0|0|0

#STRUCTURE
+BOX
!1.5|1.2|1.5|1.2|0.8|1.5|60|20|20|0|0|0|-1.57|0|0

#STRUCTURE
+BOX
!0.3|0.3|0.8|0.6|0.6|0.0|100|20|20|0|1.4|0|-1.57|0|0
#STRUCTURE
+BOX
!0.15|0.09|0.15|0.15|0.15|0.15|200|0|0|0|1.8|0.45|-1.57|0|0

/Right arm/
#STRUCTURE
+EMPTY
!1.45|1.4|0|0|0|0
#->
#STRUCTURE
+BOX
!0.4|0.4|0.4|0.4|0.4|0.4|60|50|50|0|0|0|1.45|0|0.3
#->
#STRUCTURE
+BOX
!0.50|0.50|2.2|0.50|0.50|0.0|35|35|35|0.25|0|0.2|0|0|0
#->
#TURRET
!-3.0|1.0|0.35|0.35
!3
+BOX
!0.35|0.35|0.35|0.35|0.35|0.35|60|50|50|0|0|2.2|-1.3|0|0
#->
/Weapon/
#WEAPON
!3.5|10|100|0.17|0.17|0.5|0.17|0.17|0.5|1.75|1|0|500
+BOX
!0.58|0.58|2.2|0.50|0.50|0.0|90|50|50|0|0|0.2|0|0|0
#STRUCTURE
+BOX
!0.2|0.2|0.2|0.2|0.2|0.0|20|20|20|0|0|2.3|0|0|0
#<-
#<-
#<-
#<-

/Left arm/
#STRUCTURE
+EMPTY
!-1.45|1.4|0|0|0|0
#->
#STRUCTURE
+BOX
!0.4|0.4|0.4|0.4|0.4|0.4|60|50|50|0|0|0|1.45|0|-0.3
#->
#STRUCTURE
+BOX
!0.50|0.50|2.2|0.50|0.50|0.0|35|35|35|-0.25|0|0.2|0|0|0
#->
#STRUCTURE
+BOX
!0.35|0.35|0.35|0.35|0.35|0.35|60|50|50|0|0|2.2|-1.3|0|0
#->
#STRUCTURE
+BOX
!0.58|0.58|2.2|0.50|0.50|0.0|90|50|50|0|0|0.2|0|0|0
#STRUCTURE
+BOX
!0.2|0.2|0.2|0.2|0.2|0.0|150|0|0|0|0|2.3|0|0|0
#<-
#<-
#<-
#<-
