/Extremely heavily armored mech with plasma weapons and a nuclear howitzer/

MECH
#170000|50|20|2000000
#0|0|0|0|0|0|80|80|80|0|0|0|0|0|0
#400.0
/0.05/
#0.1
!2.3|2.0|2.0|2.3|2.0|2.0|60|50|50|3.2|-8.0|0|1.57|0|0
!2.5|2.3|12.0|2.7|2.5|0.0|30|30|30|0|0|1.0|0|0|0
!2.3|2.0|2.0|2.3|2.0|2.0|60|50|50|0|0|13.0|0|0|0
!3.0|3.0|12.0|2.5|2.3|0.0|70|30|20|0|0|1.0|0|0|0
!2.3|2.0|2.0|2.3|2.0|2.0|60|50|50|-3.2|-8.0|0|1.57|0|0
!2.5|2.3|12.0|2.7|2.5|0.0|30|30|30|0|0|1.0|0|0|0
!2.3|2.0|2.0|2.3|2.0|2.0|60|50|50|0|0|13.0|0|0|0
!3.0|3.0|12.0|2.5|2.3|0.0|70|30|20|0|0|1.0|0|0|0

#STRUCTURE
+HULL
!6.0|8.0|3.0 |7.0|6.0|4.5 |6.0|-8.0|3.0 |6.0|0.0|4.5|60|20|20|0|0|0|0|0|0

#STRUCTURE
+BOX
!1.0|1.0|2.0|2.0|2.0|0.0|100|20|20|0|7.8|0|-1.57|0|0
#STRUCTURE
+BOX
!0.45|0.25|0.45|0.45|0.45|0.45|200|0|0|0|8.8|1.45|-1.57|0|0

#STRUCTURE
+BOX
!3.0|3.0|3.0|3.0|3.0|0.0|50|15|15|0|0.9|2.0|0|0|0.785
#STRUCTURE
+BOX
!2.0|2.0|2.0|2.0|2.0|0.0|100|0|0|0|0.9|3.3|0|0|0.785
#STRUCTURE
+BOX
!1.0|1.0|2.0|1.0|1.0|0.0|150|0|0|0|0.9|3.6|0|0|0.785
#STRUCTURE
+BOX
!3.0|3.0|2.5|3.0|3.0|0.0|45|15|15|0|0.9|2.0|0|0|0

/Super laser/
#ROTATE
!-1.0|1.0|0.2
+EMPTY
!0|0.9|3.5|0|0|0
#->
#WEAPON
!5.0|10|1000|0.5|0.5|10|0.5|0.5|10|0.05|50|30.0|200
+EMPTY
!0|0|0|0|0|0
#<-

#STRUCTURE
+EMPTY
!7.8|6.0|0|0|0|0
#->
#STRUCTURE
+BOX
!2.1|2.1|2.1|2.1|2.1|2.1|60|50|50|0|0|0|1.45|0|0.3
#->
#STRUCTURE
+BOX
!2.2|2.2|12.0|2.5|2.5|0.0|35|35|35|0.25|0|0.2|0|0|0
#->
#TURRET
!-3.0|1.0|0.05|0.05
!3
+BOX
!1.7|1.7|1.7|1.7|1.7|1.7|60|50|50|0|0|13.0|-1.3|0|0
#->
/Super weapon/
#WEAPON
!4.0|300|8000|0.8|0.8|5.0|0.8|0.8|5.0|8.0|1|0|800
+BOX
!2.5|2.5|12.0|2.2|2.2|0.0|45|25|25|0|0|0.2|0|0|0

#STRUCTURE
+BOX
!0.6|3.5|11.0|0.6|1.5|0.0|40|20|20|0|0|0.2|0|0|0
#STRUCTURE
+BOX
!0.6|3.5|11.0|0.6|1.5|0.0|40|20|20|0|0|0.2|0|0|1.57
#STRUCTURE
+BOX
!0.6|4.5|11.0|0.6|1.5|0.0|80|20|20|0|0|0.2|0|0|0.785
#STRUCTURE
+BOX
!0.6|4.5|11.0|0.6|1.5|0.0|80|20|20|0|0|0.2|0|0|2.355

#STRUCTURE
+BOX
!2.0|2.0|0.5|2.0|2.0|0.0|155|0|0|0|0|12.0|0|0|0
#STRUCTURE
+BOX
!1.35|1.35|1.0|1.35|1.35|0.0|205|0|0|0|0|12.0|0|0|0
#STRUCTURE
+BOX
!0.7|0.7|1.5|0.7|0.7|0.0|255|0|0|0|0|12.0|0|0|0

#<-
#<-

/Railgun turret/
#STRUCTURE
+EMPTY
!2.5|0.0|3.0|0|-1.57|-1.57
#->
#STRUCTURE
+BOX
!1.0|1.0|1.0|1.5|1.5|0.0|40|30|30|0|0|0|-1.57|3.14|0
#TURRET
!-3.0|1.0|0.5|0.5
!1
+EMPTY
!0|0.7|0|0|0|0
#->
#WEAPON
!3.0|35|0|0.15|0.15|1.5|0.15|0.15|1.5|6.0|1|0|1300
+BOX
!0.15|0.15|3.0|0.2|0.2|0|80|20|20|0|0|0|0|0|0
#WEAPON
!3.0|35|0|0.15|0.15|1.5|0.15|0.15|1.5|6.0|1|0|1300
+BOX
!0.15|0.15|3.0|0.2|0.2|0|80|20|20|0.6|0|0|0|0|0
#WEAPON
!3.0|35|0|0.15|0.15|1.5|0.15|0.15|1.5|6.0|1|0|1300
+BOX
!0.15|0.15|3.0|0.2|0.2|0|80|20|20|-0.6|0|0|0|0|0
#<-
#<-

#<-
#<-

#STRUCTURE
+EMPTY
!-7.8|6.0|0|0|0|0
#->
#STRUCTURE
+BOX
!2.1|2.1|2.1|2.1|2.1|2.1|60|50|50|0|0|0|1.45|0|-0.3
#->
#STRUCTURE
+BOX
!2.2|2.2|12.0|2.5|2.5|0.0|35|35|35|-0.25|0|0.2|0|0|0
#->
#TURRET
!-3.0|1.0|0.05|0.05
!3
+BOX
!1.7|1.7|1.7|1.7|1.7|1.7|60|50|50|0|0|13.0|-1.3|0|0
#->
/Super weapon/
#WEAPON
!4.0|300|8000|0.8|0.8|5.0|0.8|0.8|5.0|8.0|1|0|800
+BOX
!2.5|2.5|12.0|2.2|2.2|0.0|45|25|25|0|0|0.2|0|0|0

#STRUCTURE
+BOX
!0.6|3.5|11.0|0.6|1.5|0.0|40|20|20|0|0|0.2|0|0|0
#STRUCTURE
+BOX
!0.6|3.5|11.0|0.6|1.5|0.0|40|20|20|0|0|0.2|0|0|1.57
#STRUCTURE
+BOX
!0.6|4.5|11.0|0.6|1.5|0.0|80|20|20|0|0|0.2|0|0|0.785
#STRUCTURE
+BOX
!0.6|4.5|11.0|0.6|1.5|0.0|80|20|20|0|0|0.2|0|0|2.355

#STRUCTURE
+BOX
!2.0|2.0|0.5|2.0|2.0|0.0|155|0|0|0|0|12.0|0|0|0
#STRUCTURE
+BOX
!1.35|1.35|1.0|1.35|1.35|0.0|205|0|0|0|0|12.0|0|0|0
#STRUCTURE
+BOX
!0.7|0.7|1.5|0.7|0.7|0.0|255|0|0|0|0|12.0|0|0|0

#<-
#<-

/Railgun turret/
#STRUCTURE
+EMPTY
!-2.5|0.0|3.0|0|1.57|1.57
#->
#STRUCTURE
+BOX
!1.0|1.0|1.0|1.5|1.5|0.0|40|30|30|0|0|0|-1.57|3.14|0
#TURRET
!-3.0|1.0|0.5|0.5
!1
+EMPTY
!0|0.7|0|0|0|0
#->
#WEAPON
!3.0|35|0|0.15|0.15|1.5|0.15|0.15|1.5|6.0|1|0|1300
+BOX
!0.15|0.15|3.0|0.2|0.2|0|80|20|20|0|0|0|0|0|0
#WEAPON
!3.0|35|0|0.15|0.15|1.5|0.15|0.15|1.5|6.0|1|0|1300
+BOX
!0.15|0.15|3.0|0.2|0.2|0|80|20|20|0.6|0|0|0|0|0
#WEAPON
!3.0|35|0|0.15|0.15|1.5|0.15|0.15|1.5|6.0|1|0|1300
+BOX
!0.15|0.15|3.0|0.2|0.2|0|80|20|20|-0.6|0|0|0|0|0
#<-
#<-

#<-
#<-


