/A very fast car with a grenade launcher/

TANK
#100|1|1.6|60
#1.0|0.5|1.4|1.0|0.0|1.9|1.0|-0.5|1.4|1.0|0.0|1.6|90|40|40|0|0|0|0|0|0
#0.7
#5.0
/Right wheels/
!0.16|0.16|40|40|40|60|60|60|1.16|-0.4|0.8|0|0|0
!0.16|0.16|40|40|40|60|60|60|1.16|-0.4|-0.8|0|0|0
/Left wheels/
!0.16|0.16|40|40|40|60|60|60|-1.16|-0.4|0.8|0|0|0
!0.16|0.16|40|40|40|60|60|60|-1.16|-0.4|-0.8|0|0|0

/Turret/
#STRUCTURE
+EMPTY
!0|0.5|0|0|0|0
#->
#STRUCTURE
+BOX
!0.25|0.3|0.5|0.45|0.6|0.0|50|35|35|0|0|0|-1.57|3.14|0
#TURRET
!-3.0|1.0|1.2|1.5
!1
+EMPTY
!0|0.25|0|0|0|0
#->
#WEAPON
!0.5|10|100|0.3|0.3|0.3|0.3|0.3|0.3|0.2|3|3.0|150
+BOX
!0.15|0.15|1.0|0.2|0.2|0|120|70|70|0|0|0|0|0|0