/Superheavy tank with a long range railgun/

TANK
#2300|50|5|6000
#2.6|1.0|4.0|4.0|0.0|7.0|2.6|-1.0|4.0|4.0|0.0|6.0|70|30|30|0|0|0|0|0|0
#11.0
#0.4
/Right wheels/
!0.2|0.8|40|40|40|60|60|60|2.2|-1.0|3.75|0|0|0
!0.2|0.8|40|40|40|60|60|60|2.2|-1.0|2.25|0|0|0
!0.2|0.8|40|40|40|60|60|60|2.2|-1.0|0.75|0|0|0
!0.2|0.8|40|40|40|60|60|60|2.2|-1.0|-0.75|0|0|0
!0.2|0.8|40|40|40|60|60|60|2.2|-1.0|-2.25|0|0|0
!0.2|0.8|40|40|40|60|60|60|2.2|-1.0|-3.75|0|0|0
/Left wheels/
!0.2|0.8|40|40|40|60|60|60|-2.2|-1.0|3.75|0|0|0
!0.2|0.8|40|40|40|60|60|60|-2.2|-1.0|2.25|0|0|0
!0.2|0.8|40|40|40|60|60|60|-2.2|-1.0|0.75|0|0|0
!0.2|0.8|40|40|40|60|60|60|-2.2|-1.0|-0.75|0|0|0
!0.2|0.8|40|40|40|60|60|60|-2.2|-1.0|-2.25|0|0|0
!0.2|0.8|40|40|40|60|60|60|-2.2|-1.0|-3.75|0|0|0

/Turret/
#STRUCTURE
+EMPTY
!0|1.0|0|0|0|0
#->
#STRUCTURE
+BOX
!0.5|0.7|1.0|1.5|2.5|0.0|40|30|30|0|0|0|-1.57|3.14|0
#TURRET
!-3.0|1.0|0.15|0.2
!1
+EMPTY
!0|0.25|0|0|0|0
#->
#WEAPON
!4.0|100|0|0.3|0.3|4.0|0.3|0.3|4.0|15.0|1|0|1500
+BOX
!0.16|0.16|8.0|0.22|0.22|0|100|60|60|0|0|0|0|0|0
#STRUCTURE
+BOX
!0.25|0.25|2.6|0.4|0.4|0|10|10|10|0|0|0|0|0|0