/Extremely heavily armored mech with plasma weapons and a nuclear howitzer/

MECH
#8500|45|5|20000
#0|0|0|0|0|0|80|80|80|0|0|0|0|0|0
#15.0
#0.75
!0.5|0.45|0.45|0.5|0.45|0.45|60|50|50|1.1|-2.0|0|1.57|0|0
!0.75|0.75|2.5|0.8|0.8|0.0|30|30|30|0|0|0.3|0|0|0
!0.5|0.45|0.45|0.5|0.45|0.45|60|50|50|0|0|2.5|0|0|0
!0.75|1.0|2.5|0.75|0.75|0.0|70|30|20|0|0|0.3|0|0|0
!0.5|0.45|0.45|0.5|0.45|0.45|60|50|50|-1.1|-2.0|0|1.57|0|0
!0.75|0.75|2.5|0.8|0.8|0.0|30|30|30|0|0|0.3|0|0|0
!0.5|0.45|0.45|0.5|0.45|0.45|60|50|50|0|0|2.5|0|0|0
!0.75|1.0|2.5|0.75|0.75|0.0|70|30|20|0|0|0.3|0|0|0

#STRUCTURE
+BOX
!1.2|1.2|2.0|2.2|1.4|2.0|60|20|20|0|0|0|-1.57|0|0
#STRUCTURE
+EMPTY
!1.6|1.7|0|0|0|0
#->
#STRUCTURE
+BOX
!0.5|0.5|0.5|0.5|0.5|0.5|60|50|50|0|0|0|1.45|0|0.5
#->
#STRUCTURE
+BOX
!0.65|0.65|3.0|0.7|0.7|0.0|35|35|35|0.25|0|0.2|0|0|0
#->
#TURRET
!-3.0|1.0|0.35|0.35
!3
+BOX
!0.5|0.5|0.5|0.5|0.5|0.5|60|50|50|0|0|3.25|-1.3|0|0
#->
/Plasma beam weapon/
#WEAPON
!5.0|10|10|0.1|0.1|7.0|0.1|0.1|7.0|0.03|25|7.0|60
+BOX
!0.8|0.8|3.0|0.65|0.65|0.0|45|25|25|0|0|0.2|0|0|0
#STRUCTURE
+BOX
!0.15|0.15|2.0|0.35|0.35|0.0|55|40|40|0|0|3.0|0|0|0
#STRUCTURE
+BOX
!0.6|0.6|0.25|0.1|0.1|0.0|75|40|40|0|0|3.4|0|0|0
#STRUCTURE
+BOX
!0.45|0.45|0.25|0.1|0.1|0.0|95|40|40|0|0|3.9|0|0|0
#STRUCTURE
+BOX
!0.3|0.3|0.25|0.1|0.1|0.0|115|40|40|0|0|4.4|0|0|0
#<-
#<-
#<-
#<-
#STRUCTURE
+BOX
!1.2|1.2|2.0|2.2|1.4|2.0|60|20|20|0|0|0|-1.57|0|0
#STRUCTURE
+EMPTY
!-1.6|1.7|0|0|0|0
#->
#STRUCTURE
+BOX
!0.5|0.5|0.5|0.5|0.5|0.5|60|50|50|0|0|0|1.45|0|-0.5
#->
#STRUCTURE
+BOX
!0.65|0.65|3.0|0.7|0.7|0.0|35|35|35|-0.25|0|0.2|0|0|0
#->
#TURRET
!-3.0|1.0|0.35|0.35
!3
+BOX
!0.5|0.5|0.5|0.5|0.5|0.5|60|50|50|0|0|3.25|-1.3|0|0
#->
#WEAPON
!5.0|10|10|0.1|0.1|7.0|0.1|0.1|7.0|0.03|25|7.0|60
+BOX
!0.8|0.8|3.0|0.65|0.65|0.0|45|25|25|0|0|0.2|0|0|0
#STRUCTURE
+BOX
!0.15|0.15|2.0|0.35|0.35|0.0|55|40|40|0|0|3.0|0|0|0
#STRUCTURE
+BOX
!0.6|0.6|0.25|0.1|0.1|0.0|75|40|40|0|0|3.4|0|0|0
#STRUCTURE
+BOX
!0.45|0.45|0.25|0.1|0.1|0.0|95|40|40|0|0|3.9|0|0|0
#STRUCTURE
+BOX
!0.3|0.3|0.25|0.1|0.1|0.0|115|40|40|0|0|4.4|0|0|0
#<-
#<-
#<-
#<-

/Nuclear howitzer/
#ROTATE
!-1.0|1.0|0.1
+EMPTY
!0|0|0.5|0|0|0
#->
#WEAPON
!1.0|100|10000|1|1|1|1|1|1|25.0|1|0|400
+BOX
!0.5|0.5|1.5|0.9|0.9|0.0|70|35|15|0|0|0|0|0|0